1, 0.157210, -0.198499, 0.117612, 0.0203
2, -0.231279, -0.192081, 0.371698, 0.0671
3, -0.432684, 0.280434, -0.305552, 0.0233
4, -0.136095, -0.184211, -0.360386, 0.0690
5, 0.038023, -0.486571, -0.306142, 0.0262
6, -0.270787, -0.156465, -0.215817, 0.0251
7, -0.329710, 0.045667, 0.380558, 0.0609
8, 0.433720, -0.074969, -0.207365, 0.0670
9, -0.422023, 0.333656, -0.281241, 0.0465
10, -0.379055, 0.207932, 0.462340, 0.0263
11, -0.209586, -0.291681, 0.021709, 0.0590
12, 0.022564, 0.481646, 0.442282, 0.0251
13, -0.266724, 0.249817, -0.208490, 0.0252
14, -0.300533, 0.225110, 0.179298, 0.0440
15, 0.034437, -0.428652, 0.005991, 0.0290
16, 0.076904, -0.026577, 0.445806, 0.0345
17, -0.019520, 0.191595, -0.464345, 0.0258
18, 0.161397, 0.193169, -0.232805, 0.0562
19, -0.256503, 0.112009, 0.211728, 0.0437
20, 0.151042, -0.455692, 0.453138, 0.0554
21, -0.002662, 0.095581, -0.168148, 0.0366
22, -0.090359, -0.139134, 0.398298, 0.0681
23, 0.195157, 0.467365, 0.097828, 0.0652
24, 0.338747, -0.352039, 0.434002, 0.0663
25, 0.279775, -0.042961, -0.355742, 0.0346
26, 0.347224, -0.404608, 0.269708, 0.0444
27, -0.147360, -0.452748, -0.287235, 0.0421
28, 0.196954, 0.238473, 0.143567, 0.0651
29, -0.128157, 0.308131, -0.049748, 0.0594
30, -0.440699, -0.144036, -0.043060, 0.0313
31, 0.134798, -0.422470, -0.311152, 0.0597
32, 0.343342, -0.152723, -0.003981, 0.0383
33, -0.262716, -0.356235, -0.297178, 0.0210
34, 0.318680, -0.146473, -0.293504, 0.0536
35, 0.224545, 0.094522, -0.224392, 0.0696
36, 0.455826, -0.061883, 0.189027, 0.0601
37, -0.251838, 0.458157, -0.306794, 0.0522
38, 0.398392, -0.411366, -0.029389, 0.0336
39, 0.426139, 0.090820, 0.470486, 0.0495
40, -0.221574, -0.095068, -0.292481, 0.0293
41, 0.412679, 0.223688, -0.129389, 0.0596
42, 0.369000, -0.141328, -0.233336, 0.0374
43, -0.463722, 0.225546, 0.171828, 0.0287
44, 0.459889, 0.021959, 0.314634, 0.0443
45, -0.181681, -0.435623, 0.481993, 0.0291
46, -0.414771, -0.258633, -0.106198, 0.0582
47, 0.367214, -0.237731, 0.059972, 0.0511
48, 0.292518, -0.331268, -0.092176, 0.0491
49, 0.393446, -0.239129, 0.151895, 0.0387
50, -0.098466, 0.411656, 0.231333, 0.0504
51, -0.131615, -0.122644, 0.045529, 0.0238
52, 0.337131, 0.252939, 0.329772, 0.0572
53, 0.207413, 0.126058, -0.185971, 0.0229
54, 0.354318, 0.334800, 0.083962, 0.0570
55, -0.161480, -0.244173, 0.128819, 0.0405
56, 0.330691, -0.264860, 0.354314, 0.0422
57, 0.254359, 0.079018, -0.342504, 0.0549
58, 0.134983, -0.307229, -0.317039, 0.0281
59, -0.065897, 0.284374, 0.288461, 0.0478
60, 0.467691, 0.284738, -0.150079, 0.0630
61, -0.147669, 0.374937, -0.438066, 0.0433
62, -0.448070, 0.335961, -0.211569, 0.0295
63, -0.366249, 0.221356, 0.310549, 0.0337
64, 0.163208, -0.039778, 0.394671, 0.0622
65, -0.092538, -0.276860, -0.275440, 0.0539
66, -0.149168, 0.439443, -0.091239, 0.0457
67, 0.359490, 0.436462, 0.333699, 0.0404
68, -0.389075, -0.036465, 0.264033, 0.0293
69, 0.430013, -0.283979, -0.142382, 0.0381
70, -0.416102, 0.473461, 0.249589, 0.0311
71, -0.008246, -0.329935, -0.182515, 0.0671
72, -0.022317, -0.255823, 0.484294, 0.0224
73, 0.225918, 0.062104, 0.380280, 0.0204
74, 0.202387, 0.017816, -0.205967, 0.0235
75, 0.227218, 0.329268, -0.070066, 0.0374
76, -0.311209, -0.466415, 0.045152, 0.0667
77, -0.094139, 0.079045, -0.174832, 0.0547
78, -0.188845, 0.116582, -0.199188, 0.0558
79, 0.027347, 0.383984, -0.044450, 0.0312
80, -0.415841, -0.043304, 0.136662, 0.0611
81, 0.395455, 0.240233, 0.260583, 0.0483
82, -0.082744, 0.290207, -0.300155, 0.0361
83, 0.241462, -0.346787, -0.362626, 0.0634
84, 0.388547, -0.190177, 0.469932, 0.0308
85, 0.212623, 0.444095, 0.342392, 0.0578
86, 0.450400, 0.027580, -0.005417, 0.0382
87, -0.398378, 0.388444, -0.021780, 0.0516
88, 0.134951, 0.050962, -0.232886, 0.0619
89, -0.421647, 0.266264, -0.417404, 0.0582
90, -0.050139, -0.321559, -0.398690, 0.0376
91, 0.213180, 0.075293, -0.293093, 0.0322
92, -0.066522, 0.210563, 0.382159, 0.0607
93, -0.295688, 0.410557, -0.220984, 0.0412
94, 0.103553, -0.042012, -0.140470, 0.0393
95, -0.166805, -0.258483, -0.028679, 0.0433
96, -0.191349, 0.300375, -0.092993, 0.0205
97, -0.099438, 0.453482, 0.319847, 0.0355
98, -0.469165, 0.468517, -0.243181, 0.0330
99, -0.037628, -0.381055, 0.280363, 0.0293
100, 0.095456, 0.076600, -0.198639, 0.0461
